0      27
1      49
2      27
3      49
4      49
5      49
6      49
7      49
8      49
9      49
10     33
11     49
12     49
13     49
14     49
15     48
16     49
17     49
18     27
19     49
20     49
21     49
22     20
23     49
24     49
25     49
26     49
27     49
28     49
29     49
30     49
31     49
32     49
33     49
34     49
35     20
36     49
37     49
38     49
39     49
40     49
41     49
42     49
43     49
44     49
45     49
46     49
47     49
48     49
49     49
50     49
51     49
52     49
53     49
54     49
55     49
56     49
57     49
58     49
59     49
60     49
61     49
62     49
63     33
64     49
65     49
66     49
67     49
68     49
69     49
70     49
71     49
72     49
73     49
74     49
75     49
76     49
77     49
78     49
79     49
80     49
81     49
82     27
83     49
84     49
85     49
86     49
87     89
88     76
89     58
90     89
91     49
92     49
93     49
94     49
95     49
96     49
97     27
98     49
99     27
100    27
101    27
102    49
103    27
104    49
105    49
106    49
107    49
108    49
109    76
110    76
111    20
112    49
113    49
114    48
115    49
116    49
117    76
118    49
119    49
120    76
121    49
122    49
123    49
124    49
125    76
126    49
127     4
128    49
129    49
130    48
131    49
132    49
133    49
134    49
135    49
136    76
137    49
138    49
139    49
140    49
141    49
142    49
143    49
144    76
145    49
146    76
147    49
148    49
149    27
150    49
151     4
152    49
153    49
154    49
155    49
156    49
157    49
158    49
159    76
160    49
161    49
162    49
163    58
164    49
165    49
166    76
167    27
168    76
169    49
170    49
171    49
172    49
173    49
174    49
175    49
176    49
177     4
178    49
179    49
180    89
181    49
182    49
183    49
184    76
185    76
Name: prediction_label, dtype: int32